kortnamn;felt;type;lengde;startpos;kommentar
kjennemerke;Kjennemerke;AN;7;1; 
understellsnr;Understellsnummer;AN;19;8;
reg_aar;"Reg. år (mod-år)";NUM;4;27;
typegodkjenningsnr;"Typegodkjenningsnr.";NUM;11;31;
reg_forsteg_norge;"Reg. førsteg. Norge";NUM;8;42;
bruktimportert;Bruktimportert;NUM;1;50;"1 - dersom bruktimportert"
avreg_dato;Avreg.dato;NUM;8;51;
farge;Farge;AN;20;59;
sist_pkk_godkjent;"Sist pkk-godkjent";NUM;8;79;
neste_pkk;Neste PKK";NUM;8;87;
siste_reg_dato;"Siste reg.dato";NUM;8;95;"nytt vognkort hvis > 20040601"
reg_1g_mnd_dag;"Reg. 1g. mnd-dag";NUM;4;103;